t1=0.02305
t2=1.2761
kp=0.950976
